52.515136 13.323390
52.515472 13.323786
52.515488 13.323957
52.515196 13.324041
52.515110 13.324053
52.514657 13.324149
52.514625 13.323871
52.514830 13.323814
52.514808 13.323482
52.514603 13.323497
52.514587 13.323263
52.514920 13.323214
52.515136 13.323390
52.515472 13.323786
52.515488 13.323957
52.515196 13.324041
52.515110 13.324053
52.514657 13.324149
52.514625 13.323871
52.514830 13.323814
52.514808 13.323482
52.514603 13.323497
52.514587 13.323263
52.514920 13.323214
52.515136 13.323390
52.515472 13.323786
52.515488 13.323957
52.515196 13.324041
52.515110 13.324053
52.514657 13.324149
52.514625 13.323871
52.514830 13.323814
52.514808 13.323482
52.514603 13.323497
52.514587 13.323263
52.514920 13.323214